特征分箱结果:

X65 分箱结果:
X65_bin
(0.999, 10.0]      4584
(10.0, 26.0]       4834
(26.0, 43.0]       4376
(43.0, 64.0]       4579
(64.0, 88.0]       4590
(88.0, 115.0]      4496
(115.0, 151.0]     4569
(151.0, 201.0]     4560
(201.0, 291.0]     4554
(291.0, 1932.0]    4528
Name: count, dtype: int64

X1 分箱结果:
X1_bin
(2, 4]       7056
(4, 6]      11817
(6, 8]       7560
(8, 10]      6398
(10, 12]     3302
Name: count, dtype: int64

X66 分箱结果:
X66_bin
(-3, -2]      0
(-2, -1]      0
(-1, 0]     860
(0, 1]       39
(1, 2]       31
(2, 3]       20
Name: count, dtype: int64

